{
 "cells": [
  {
   "cell_type": "code",
   "execution_count": 174,
   "metadata": {
    "collapsed": false
   },
   "outputs": [],
   "source": [
    "from pandas_datareader import data\n",
    "import matplotlib.pyplot as plt\n",
    "import pandas as pd\n",
    "import math\n",
    "import datetime\n",
    "import numpy as np"
   ]
  },
  {
   "cell_type": "code",
   "execution_count": 120,
   "metadata": {
    "collapsed": true
   },
   "outputs": [],
   "source": [
    "# Define the instruments to download. We would like to see Apple, Microsoft and the S&P500 index.\n",
    "tickers = ['AAPL', 'MSFT', '^GSPC']\n",
    "\n",
    "# Define which online source one should use\n",
    "data_source = 'yahoo'\n",
    "\n",
    "# We would like all available data from 01/01/2000 until 12/31/2016.\n",
    "start_date = '2010-01-01'\n",
    "end_date = '2014-12-31'\n",
    "\n",
    "# User pandas_reader.data.DataReader to load the desired data. As simple as that.\n",
    "panel_data = data.DataReader(tickers, data_source, start_date, end_date)"
   ]
  },
  {
   "cell_type": "code",
   "execution_count": 121,
   "metadata": {
    "collapsed": false
   },
   "outputs": [
    {
     "data": {
      "text/plain": [
       "Index([u'Adj Close', u'Close', u'High', u'Low', u'Open', u'Volume'], dtype='object')"
      ]
     },
     "execution_count": 121,
     "metadata": {},
     "output_type": "execute_result"
    }
   ],
   "source": [
    "panel_data.items"
   ]
  },
  {
   "cell_type": "code",
   "execution_count": 122,
   "metadata": {
    "collapsed": false
   },
   "outputs": [
    {
     "data": {
      "text/plain": [
       "104.488365"
      ]
     },
     "execution_count": 122,
     "metadata": {},
     "output_type": "execute_result"
    }
   ],
   "source": [
    "panel_data[0,0,0]"
   ]
  },
  {
   "cell_type": "code",
   "execution_count": 123,
   "metadata": {
    "collapsed": false
   },
   "outputs": [
    {
     "data": {
      "text/plain": [
       "<class 'pandas.core.panel.Panel'>\n",
       "Dimensions: 6 (items) x 1259 (major_axis) x 3 (minor_axis)\n",
       "Items axis: Adj Close to Volume\n",
       "Major_axis axis: 2014-12-31 00:00:00 to 2009-12-31 00:00:00\n",
       "Minor_axis axis: AAPL to ^GSPC"
      ]
     },
     "execution_count": 123,
     "metadata": {},
     "output_type": "execute_result"
    }
   ],
   "source": [
    "panel_data"
   ]
  },
  {
   "cell_type": "code",
   "execution_count": 124,
   "metadata": {
    "collapsed": false
   },
   "outputs": [],
   "source": [
    "del panel_data['Open']\n",
    "del panel_data['Close']\n",
    "del panel_data['High']\n",
    "del panel_data['Low']"
   ]
  },
  {
   "cell_type": "code",
   "execution_count": 125,
   "metadata": {
    "collapsed": false
   },
   "outputs": [
    {
     "data": {
      "text/html": [
       "<div>\n",
       "<table border=\"1\" class=\"dataframe\">\n",
       "  <thead>\n",
       "    <tr style=\"text-align: right;\">\n",
       "      <th></th>\n",
       "      <th>Adj Close</th>\n",
       "      <th>Volume</th>\n",
       "    </tr>\n",
       "    <tr>\n",
       "      <th>Date</th>\n",
       "      <th></th>\n",
       "      <th></th>\n",
       "    </tr>\n",
       "  </thead>\n",
       "  <tbody>\n",
       "    <tr>\n",
       "      <th>2014-12-31</th>\n",
       "      <td>104.488365</td>\n",
       "      <td>41403400.0</td>\n",
       "    </tr>\n",
       "    <tr>\n",
       "      <th>2014-12-30</th>\n",
       "      <td>106.514137</td>\n",
       "      <td>29881500.0</td>\n",
       "    </tr>\n",
       "    <tr>\n",
       "      <th>2014-12-29</th>\n",
       "      <td>107.829964</td>\n",
       "      <td>27598900.0</td>\n",
       "    </tr>\n",
       "    <tr>\n",
       "      <th>2014-12-26</th>\n",
       "      <td>107.905685</td>\n",
       "      <td>33721000.0</td>\n",
       "    </tr>\n",
       "    <tr>\n",
       "      <th>2014-12-24</th>\n",
       "      <td>106.031380</td>\n",
       "      <td>14479600.0</td>\n",
       "    </tr>\n",
       "    <tr>\n",
       "      <th>2014-12-23</th>\n",
       "      <td>106.533096</td>\n",
       "      <td>26028400.0</td>\n",
       "    </tr>\n",
       "    <tr>\n",
       "      <th>2014-12-22</th>\n",
       "      <td>106.911728</td>\n",
       "      <td>45167500.0</td>\n",
       "    </tr>\n",
       "    <tr>\n",
       "      <th>2014-12-19</th>\n",
       "      <td>105.813644</td>\n",
       "      <td>88429800.0</td>\n",
       "    </tr>\n",
       "    <tr>\n",
       "      <th>2014-12-18</th>\n",
       "      <td>106.637215</td>\n",
       "      <td>59006200.0</td>\n",
       "    </tr>\n",
       "    <tr>\n",
       "      <th>2014-12-17</th>\n",
       "      <td>103.570152</td>\n",
       "      <td>53411800.0</td>\n",
       "    </tr>\n",
       "    <tr>\n",
       "      <th>2014-12-16</th>\n",
       "      <td>101.052124</td>\n",
       "      <td>60790700.0</td>\n",
       "    </tr>\n",
       "    <tr>\n",
       "      <th>2014-12-15</th>\n",
       "      <td>102.453140</td>\n",
       "      <td>67218100.0</td>\n",
       "    </tr>\n",
       "    <tr>\n",
       "      <th>2014-12-12</th>\n",
       "      <td>103.873077</td>\n",
       "      <td>56028100.0</td>\n",
       "    </tr>\n",
       "    <tr>\n",
       "      <th>2014-12-11</th>\n",
       "      <td>105.662201</td>\n",
       "      <td>41401700.0</td>\n",
       "    </tr>\n",
       "    <tr>\n",
       "      <th>2014-12-10</th>\n",
       "      <td>105.974571</td>\n",
       "      <td>44565300.0</td>\n",
       "    </tr>\n",
       "    <tr>\n",
       "      <th>2014-12-09</th>\n",
       "      <td>108.028755</td>\n",
       "      <td>60208000.0</td>\n",
       "    </tr>\n",
       "    <tr>\n",
       "      <th>2014-12-08</th>\n",
       "      <td>106.400558</td>\n",
       "      <td>57664900.0</td>\n",
       "    </tr>\n",
       "    <tr>\n",
       "      <th>2014-12-05</th>\n",
       "      <td>108.861786</td>\n",
       "      <td>38318900.0</td>\n",
       "    </tr>\n",
       "    <tr>\n",
       "      <th>2014-12-04</th>\n",
       "      <td>109.325630</td>\n",
       "      <td>42044500.0</td>\n",
       "    </tr>\n",
       "    <tr>\n",
       "      <th>2014-12-03</th>\n",
       "      <td>109.742149</td>\n",
       "      <td>43063400.0</td>\n",
       "    </tr>\n",
       "    <tr>\n",
       "      <th>2014-12-02</th>\n",
       "      <td>108.511536</td>\n",
       "      <td>59348900.0</td>\n",
       "    </tr>\n",
       "    <tr>\n",
       "      <th>2014-12-01</th>\n",
       "      <td>108.928024</td>\n",
       "      <td>83814000.0</td>\n",
       "    </tr>\n",
       "    <tr>\n",
       "      <th>2014-11-28</th>\n",
       "      <td>112.582008</td>\n",
       "      <td>24814400.0</td>\n",
       "    </tr>\n",
       "    <tr>\n",
       "      <th>2014-11-26</th>\n",
       "      <td>112.648285</td>\n",
       "      <td>40768300.0</td>\n",
       "    </tr>\n",
       "    <tr>\n",
       "      <th>2014-11-25</th>\n",
       "      <td>111.322998</td>\n",
       "      <td>68840400.0</td>\n",
       "    </tr>\n",
       "    <tr>\n",
       "      <th>2014-11-24</th>\n",
       "      <td>112.298027</td>\n",
       "      <td>47450800.0</td>\n",
       "    </tr>\n",
       "    <tr>\n",
       "      <th>2014-11-21</th>\n",
       "      <td>110.253319</td>\n",
       "      <td>57179300.0</td>\n",
       "    </tr>\n",
       "    <tr>\n",
       "      <th>2014-11-20</th>\n",
       "      <td>110.101860</td>\n",
       "      <td>43395500.0</td>\n",
       "    </tr>\n",
       "    <tr>\n",
       "      <th>2014-11-19</th>\n",
       "      <td>108.549408</td>\n",
       "      <td>41869200.0</td>\n",
       "    </tr>\n",
       "    <tr>\n",
       "      <th>2014-11-18</th>\n",
       "      <td>109.306686</td>\n",
       "      <td>44224000.0</td>\n",
       "    </tr>\n",
       "    <tr>\n",
       "      <th>...</th>\n",
       "      <td>...</td>\n",
       "      <td>...</td>\n",
       "    </tr>\n",
       "    <tr>\n",
       "      <th>2010-02-12</th>\n",
       "      <td>25.661045</td>\n",
       "      <td>163867200.0</td>\n",
       "    </tr>\n",
       "    <tr>\n",
       "      <th>2010-02-11</th>\n",
       "      <td>25.442059</td>\n",
       "      <td>137586400.0</td>\n",
       "    </tr>\n",
       "    <tr>\n",
       "      <th>2010-02-10</th>\n",
       "      <td>24.987444</td>\n",
       "      <td>92590400.0</td>\n",
       "    </tr>\n",
       "    <tr>\n",
       "      <th>2010-02-09</th>\n",
       "      <td>25.124472</td>\n",
       "      <td>158221700.0</td>\n",
       "    </tr>\n",
       "    <tr>\n",
       "      <th>2010-02-08</th>\n",
       "      <td>24.859381</td>\n",
       "      <td>119567700.0</td>\n",
       "    </tr>\n",
       "    <tr>\n",
       "      <th>2010-02-05</th>\n",
       "      <td>25.030981</td>\n",
       "      <td>212576700.0</td>\n",
       "    </tr>\n",
       "    <tr>\n",
       "      <th>2010-02-04</th>\n",
       "      <td>24.594294</td>\n",
       "      <td>189413000.0</td>\n",
       "    </tr>\n",
       "    <tr>\n",
       "      <th>2010-02-03</th>\n",
       "      <td>25.513775</td>\n",
       "      <td>153832000.0</td>\n",
       "    </tr>\n",
       "    <tr>\n",
       "      <th>2010-02-02</th>\n",
       "      <td>25.082211</td>\n",
       "      <td>174585600.0</td>\n",
       "    </tr>\n",
       "    <tr>\n",
       "      <th>2010-02-01</th>\n",
       "      <td>24.937496</td>\n",
       "      <td>187469100.0</td>\n",
       "    </tr>\n",
       "    <tr>\n",
       "      <th>2010-01-29</th>\n",
       "      <td>24.595573</td>\n",
       "      <td>311488100.0</td>\n",
       "    </tr>\n",
       "    <tr>\n",
       "      <th>2010-01-28</th>\n",
       "      <td>25.521461</td>\n",
       "      <td>293375600.0</td>\n",
       "    </tr>\n",
       "    <tr>\n",
       "      <th>2010-01-27</th>\n",
       "      <td>26.621517</td>\n",
       "      <td>430642100.0</td>\n",
       "    </tr>\n",
       "    <tr>\n",
       "      <th>2010-01-26</th>\n",
       "      <td>26.373072</td>\n",
       "      <td>466777500.0</td>\n",
       "    </tr>\n",
       "    <tr>\n",
       "      <th>2010-01-25</th>\n",
       "      <td>26.005541</td>\n",
       "      <td>266424900.0</td>\n",
       "    </tr>\n",
       "    <tr>\n",
       "      <th>2010-01-22</th>\n",
       "      <td>25.324244</td>\n",
       "      <td>220441900.0</td>\n",
       "    </tr>\n",
       "    <tr>\n",
       "      <th>2010-01-21</th>\n",
       "      <td>26.645842</td>\n",
       "      <td>152038600.0</td>\n",
       "    </tr>\n",
       "    <tr>\n",
       "      <th>2010-01-20</th>\n",
       "      <td>27.114555</td>\n",
       "      <td>153038200.0</td>\n",
       "    </tr>\n",
       "    <tr>\n",
       "      <th>2010-01-19</th>\n",
       "      <td>27.538433</td>\n",
       "      <td>182501900.0</td>\n",
       "    </tr>\n",
       "    <tr>\n",
       "      <th>2010-01-15</th>\n",
       "      <td>26.371792</td>\n",
       "      <td>148516900.0</td>\n",
       "    </tr>\n",
       "    <tr>\n",
       "      <th>2010-01-14</th>\n",
       "      <td>26.820007</td>\n",
       "      <td>108223500.0</td>\n",
       "    </tr>\n",
       "    <tr>\n",
       "      <th>2010-01-13</th>\n",
       "      <td>26.976244</td>\n",
       "      <td>151473000.0</td>\n",
       "    </tr>\n",
       "    <tr>\n",
       "      <th>2010-01-12</th>\n",
       "      <td>26.601023</td>\n",
       "      <td>148614900.0</td>\n",
       "    </tr>\n",
       "    <tr>\n",
       "      <th>2010-01-11</th>\n",
       "      <td>26.907093</td>\n",
       "      <td>115557400.0</td>\n",
       "    </tr>\n",
       "    <tr>\n",
       "      <th>2010-01-08</th>\n",
       "      <td>27.146566</td>\n",
       "      <td>111902700.0</td>\n",
       "    </tr>\n",
       "    <tr>\n",
       "      <th>2010-01-07</th>\n",
       "      <td>26.967278</td>\n",
       "      <td>119282800.0</td>\n",
       "    </tr>\n",
       "    <tr>\n",
       "      <th>2010-01-06</th>\n",
       "      <td>27.017223</td>\n",
       "      <td>138040000.0</td>\n",
       "    </tr>\n",
       "    <tr>\n",
       "      <th>2010-01-05</th>\n",
       "      <td>27.453915</td>\n",
       "      <td>150476200.0</td>\n",
       "    </tr>\n",
       "    <tr>\n",
       "      <th>2010-01-04</th>\n",
       "      <td>27.406532</td>\n",
       "      <td>123432400.0</td>\n",
       "    </tr>\n",
       "    <tr>\n",
       "      <th>2009-12-31</th>\n",
       "      <td>26.986492</td>\n",
       "      <td>88102700.0</td>\n",
       "    </tr>\n",
       "  </tbody>\n",
       "</table>\n",
       "<p>1259 rows × 2 columns</p>\n",
       "</div>"
      ],
      "text/plain": [
       "             Adj Close       Volume\n",
       "Date                               \n",
       "2014-12-31  104.488365   41403400.0\n",
       "2014-12-30  106.514137   29881500.0\n",
       "2014-12-29  107.829964   27598900.0\n",
       "2014-12-26  107.905685   33721000.0\n",
       "2014-12-24  106.031380   14479600.0\n",
       "2014-12-23  106.533096   26028400.0\n",
       "2014-12-22  106.911728   45167500.0\n",
       "2014-12-19  105.813644   88429800.0\n",
       "2014-12-18  106.637215   59006200.0\n",
       "2014-12-17  103.570152   53411800.0\n",
       "2014-12-16  101.052124   60790700.0\n",
       "2014-12-15  102.453140   67218100.0\n",
       "2014-12-12  103.873077   56028100.0\n",
       "2014-12-11  105.662201   41401700.0\n",
       "2014-12-10  105.974571   44565300.0\n",
       "2014-12-09  108.028755   60208000.0\n",
       "2014-12-08  106.400558   57664900.0\n",
       "2014-12-05  108.861786   38318900.0\n",
       "2014-12-04  109.325630   42044500.0\n",
       "2014-12-03  109.742149   43063400.0\n",
       "2014-12-02  108.511536   59348900.0\n",
       "2014-12-01  108.928024   83814000.0\n",
       "2014-11-28  112.582008   24814400.0\n",
       "2014-11-26  112.648285   40768300.0\n",
       "2014-11-25  111.322998   68840400.0\n",
       "2014-11-24  112.298027   47450800.0\n",
       "2014-11-21  110.253319   57179300.0\n",
       "2014-11-20  110.101860   43395500.0\n",
       "2014-11-19  108.549408   41869200.0\n",
       "2014-11-18  109.306686   44224000.0\n",
       "...                ...          ...\n",
       "2010-02-12   25.661045  163867200.0\n",
       "2010-02-11   25.442059  137586400.0\n",
       "2010-02-10   24.987444   92590400.0\n",
       "2010-02-09   25.124472  158221700.0\n",
       "2010-02-08   24.859381  119567700.0\n",
       "2010-02-05   25.030981  212576700.0\n",
       "2010-02-04   24.594294  189413000.0\n",
       "2010-02-03   25.513775  153832000.0\n",
       "2010-02-02   25.082211  174585600.0\n",
       "2010-02-01   24.937496  187469100.0\n",
       "2010-01-29   24.595573  311488100.0\n",
       "2010-01-28   25.521461  293375600.0\n",
       "2010-01-27   26.621517  430642100.0\n",
       "2010-01-26   26.373072  466777500.0\n",
       "2010-01-25   26.005541  266424900.0\n",
       "2010-01-22   25.324244  220441900.0\n",
       "2010-01-21   26.645842  152038600.0\n",
       "2010-01-20   27.114555  153038200.0\n",
       "2010-01-19   27.538433  182501900.0\n",
       "2010-01-15   26.371792  148516900.0\n",
       "2010-01-14   26.820007  108223500.0\n",
       "2010-01-13   26.976244  151473000.0\n",
       "2010-01-12   26.601023  148614900.0\n",
       "2010-01-11   26.907093  115557400.0\n",
       "2010-01-08   27.146566  111902700.0\n",
       "2010-01-07   26.967278  119282800.0\n",
       "2010-01-06   27.017223  138040000.0\n",
       "2010-01-05   27.453915  150476200.0\n",
       "2010-01-04   27.406532  123432400.0\n",
       "2009-12-31   26.986492   88102700.0\n",
       "\n",
       "[1259 rows x 2 columns]"
      ]
     },
     "execution_count": 125,
     "metadata": {},
     "output_type": "execute_result"
    }
   ],
   "source": [
    "panel_data[:,:,0] # item date company"
   ]
  },
  {
   "cell_type": "code",
   "execution_count": 133,
   "metadata": {
    "collapsed": true
   },
   "outputs": [],
   "source": [
    "panel_data = panel_data[:,::-1,:]\n"
   ]
  },
  {
   "cell_type": "code",
   "execution_count": 134,
   "metadata": {
    "collapsed": false
   },
   "outputs": [
    {
     "data": {
      "text/html": [
       "<div>\n",
       "<table border=\"1\" class=\"dataframe\">\n",
       "  <thead>\n",
       "    <tr style=\"text-align: right;\">\n",
       "      <th></th>\n",
       "      <th>Adj Close</th>\n",
       "      <th>Volume</th>\n",
       "    </tr>\n",
       "    <tr>\n",
       "      <th>Date</th>\n",
       "      <th></th>\n",
       "      <th></th>\n",
       "    </tr>\n",
       "  </thead>\n",
       "  <tbody>\n",
       "    <tr>\n",
       "      <th>2009-12-31</th>\n",
       "      <td>26.986492</td>\n",
       "      <td>88102700.0</td>\n",
       "    </tr>\n",
       "    <tr>\n",
       "      <th>2010-01-04</th>\n",
       "      <td>27.406532</td>\n",
       "      <td>123432400.0</td>\n",
       "    </tr>\n",
       "    <tr>\n",
       "      <th>2010-01-05</th>\n",
       "      <td>27.453915</td>\n",
       "      <td>150476200.0</td>\n",
       "    </tr>\n",
       "    <tr>\n",
       "      <th>2010-01-06</th>\n",
       "      <td>27.017223</td>\n",
       "      <td>138040000.0</td>\n",
       "    </tr>\n",
       "    <tr>\n",
       "      <th>2010-01-07</th>\n",
       "      <td>26.967278</td>\n",
       "      <td>119282800.0</td>\n",
       "    </tr>\n",
       "    <tr>\n",
       "      <th>2010-01-08</th>\n",
       "      <td>27.146566</td>\n",
       "      <td>111902700.0</td>\n",
       "    </tr>\n",
       "    <tr>\n",
       "      <th>2010-01-11</th>\n",
       "      <td>26.907093</td>\n",
       "      <td>115557400.0</td>\n",
       "    </tr>\n",
       "    <tr>\n",
       "      <th>2010-01-12</th>\n",
       "      <td>26.601023</td>\n",
       "      <td>148614900.0</td>\n",
       "    </tr>\n",
       "    <tr>\n",
       "      <th>2010-01-13</th>\n",
       "      <td>26.976244</td>\n",
       "      <td>151473000.0</td>\n",
       "    </tr>\n",
       "    <tr>\n",
       "      <th>2010-01-14</th>\n",
       "      <td>26.820007</td>\n",
       "      <td>108223500.0</td>\n",
       "    </tr>\n",
       "    <tr>\n",
       "      <th>2010-01-15</th>\n",
       "      <td>26.371792</td>\n",
       "      <td>148516900.0</td>\n",
       "    </tr>\n",
       "    <tr>\n",
       "      <th>2010-01-19</th>\n",
       "      <td>27.538433</td>\n",
       "      <td>182501900.0</td>\n",
       "    </tr>\n",
       "    <tr>\n",
       "      <th>2010-01-20</th>\n",
       "      <td>27.114555</td>\n",
       "      <td>153038200.0</td>\n",
       "    </tr>\n",
       "    <tr>\n",
       "      <th>2010-01-21</th>\n",
       "      <td>26.645842</td>\n",
       "      <td>152038600.0</td>\n",
       "    </tr>\n",
       "    <tr>\n",
       "      <th>2010-01-22</th>\n",
       "      <td>25.324244</td>\n",
       "      <td>220441900.0</td>\n",
       "    </tr>\n",
       "    <tr>\n",
       "      <th>2010-01-25</th>\n",
       "      <td>26.005541</td>\n",
       "      <td>266424900.0</td>\n",
       "    </tr>\n",
       "    <tr>\n",
       "      <th>2010-01-26</th>\n",
       "      <td>26.373072</td>\n",
       "      <td>466777500.0</td>\n",
       "    </tr>\n",
       "    <tr>\n",
       "      <th>2010-01-27</th>\n",
       "      <td>26.621517</td>\n",
       "      <td>430642100.0</td>\n",
       "    </tr>\n",
       "    <tr>\n",
       "      <th>2010-01-28</th>\n",
       "      <td>25.521461</td>\n",
       "      <td>293375600.0</td>\n",
       "    </tr>\n",
       "    <tr>\n",
       "      <th>2010-01-29</th>\n",
       "      <td>24.595573</td>\n",
       "      <td>311488100.0</td>\n",
       "    </tr>\n",
       "    <tr>\n",
       "      <th>2010-02-01</th>\n",
       "      <td>24.937496</td>\n",
       "      <td>187469100.0</td>\n",
       "    </tr>\n",
       "    <tr>\n",
       "      <th>2010-02-02</th>\n",
       "      <td>25.082211</td>\n",
       "      <td>174585600.0</td>\n",
       "    </tr>\n",
       "    <tr>\n",
       "      <th>2010-02-03</th>\n",
       "      <td>25.513775</td>\n",
       "      <td>153832000.0</td>\n",
       "    </tr>\n",
       "    <tr>\n",
       "      <th>2010-02-04</th>\n",
       "      <td>24.594294</td>\n",
       "      <td>189413000.0</td>\n",
       "    </tr>\n",
       "    <tr>\n",
       "      <th>2010-02-05</th>\n",
       "      <td>25.030981</td>\n",
       "      <td>212576700.0</td>\n",
       "    </tr>\n",
       "    <tr>\n",
       "      <th>2010-02-08</th>\n",
       "      <td>24.859381</td>\n",
       "      <td>119567700.0</td>\n",
       "    </tr>\n",
       "    <tr>\n",
       "      <th>2010-02-09</th>\n",
       "      <td>25.124472</td>\n",
       "      <td>158221700.0</td>\n",
       "    </tr>\n",
       "    <tr>\n",
       "      <th>2010-02-10</th>\n",
       "      <td>24.987444</td>\n",
       "      <td>92590400.0</td>\n",
       "    </tr>\n",
       "    <tr>\n",
       "      <th>2010-02-11</th>\n",
       "      <td>25.442059</td>\n",
       "      <td>137586400.0</td>\n",
       "    </tr>\n",
       "    <tr>\n",
       "      <th>2010-02-12</th>\n",
       "      <td>25.661045</td>\n",
       "      <td>163867200.0</td>\n",
       "    </tr>\n",
       "    <tr>\n",
       "      <th>...</th>\n",
       "      <td>...</td>\n",
       "      <td>...</td>\n",
       "    </tr>\n",
       "    <tr>\n",
       "      <th>2014-11-18</th>\n",
       "      <td>109.306686</td>\n",
       "      <td>44224000.0</td>\n",
       "    </tr>\n",
       "    <tr>\n",
       "      <th>2014-11-19</th>\n",
       "      <td>108.549408</td>\n",
       "      <td>41869200.0</td>\n",
       "    </tr>\n",
       "    <tr>\n",
       "      <th>2014-11-20</th>\n",
       "      <td>110.101860</td>\n",
       "      <td>43395500.0</td>\n",
       "    </tr>\n",
       "    <tr>\n",
       "      <th>2014-11-21</th>\n",
       "      <td>110.253319</td>\n",
       "      <td>57179300.0</td>\n",
       "    </tr>\n",
       "    <tr>\n",
       "      <th>2014-11-24</th>\n",
       "      <td>112.298027</td>\n",
       "      <td>47450800.0</td>\n",
       "    </tr>\n",
       "    <tr>\n",
       "      <th>2014-11-25</th>\n",
       "      <td>111.322998</td>\n",
       "      <td>68840400.0</td>\n",
       "    </tr>\n",
       "    <tr>\n",
       "      <th>2014-11-26</th>\n",
       "      <td>112.648285</td>\n",
       "      <td>40768300.0</td>\n",
       "    </tr>\n",
       "    <tr>\n",
       "      <th>2014-11-28</th>\n",
       "      <td>112.582008</td>\n",
       "      <td>24814400.0</td>\n",
       "    </tr>\n",
       "    <tr>\n",
       "      <th>2014-12-01</th>\n",
       "      <td>108.928024</td>\n",
       "      <td>83814000.0</td>\n",
       "    </tr>\n",
       "    <tr>\n",
       "      <th>2014-12-02</th>\n",
       "      <td>108.511536</td>\n",
       "      <td>59348900.0</td>\n",
       "    </tr>\n",
       "    <tr>\n",
       "      <th>2014-12-03</th>\n",
       "      <td>109.742149</td>\n",
       "      <td>43063400.0</td>\n",
       "    </tr>\n",
       "    <tr>\n",
       "      <th>2014-12-04</th>\n",
       "      <td>109.325630</td>\n",
       "      <td>42044500.0</td>\n",
       "    </tr>\n",
       "    <tr>\n",
       "      <th>2014-12-05</th>\n",
       "      <td>108.861786</td>\n",
       "      <td>38318900.0</td>\n",
       "    </tr>\n",
       "    <tr>\n",
       "      <th>2014-12-08</th>\n",
       "      <td>106.400558</td>\n",
       "      <td>57664900.0</td>\n",
       "    </tr>\n",
       "    <tr>\n",
       "      <th>2014-12-09</th>\n",
       "      <td>108.028755</td>\n",
       "      <td>60208000.0</td>\n",
       "    </tr>\n",
       "    <tr>\n",
       "      <th>2014-12-10</th>\n",
       "      <td>105.974571</td>\n",
       "      <td>44565300.0</td>\n",
       "    </tr>\n",
       "    <tr>\n",
       "      <th>2014-12-11</th>\n",
       "      <td>105.662201</td>\n",
       "      <td>41401700.0</td>\n",
       "    </tr>\n",
       "    <tr>\n",
       "      <th>2014-12-12</th>\n",
       "      <td>103.873077</td>\n",
       "      <td>56028100.0</td>\n",
       "    </tr>\n",
       "    <tr>\n",
       "      <th>2014-12-15</th>\n",
       "      <td>102.453140</td>\n",
       "      <td>67218100.0</td>\n",
       "    </tr>\n",
       "    <tr>\n",
       "      <th>2014-12-16</th>\n",
       "      <td>101.052124</td>\n",
       "      <td>60790700.0</td>\n",
       "    </tr>\n",
       "    <tr>\n",
       "      <th>2014-12-17</th>\n",
       "      <td>103.570152</td>\n",
       "      <td>53411800.0</td>\n",
       "    </tr>\n",
       "    <tr>\n",
       "      <th>2014-12-18</th>\n",
       "      <td>106.637215</td>\n",
       "      <td>59006200.0</td>\n",
       "    </tr>\n",
       "    <tr>\n",
       "      <th>2014-12-19</th>\n",
       "      <td>105.813644</td>\n",
       "      <td>88429800.0</td>\n",
       "    </tr>\n",
       "    <tr>\n",
       "      <th>2014-12-22</th>\n",
       "      <td>106.911728</td>\n",
       "      <td>45167500.0</td>\n",
       "    </tr>\n",
       "    <tr>\n",
       "      <th>2014-12-23</th>\n",
       "      <td>106.533096</td>\n",
       "      <td>26028400.0</td>\n",
       "    </tr>\n",
       "    <tr>\n",
       "      <th>2014-12-24</th>\n",
       "      <td>106.031380</td>\n",
       "      <td>14479600.0</td>\n",
       "    </tr>\n",
       "    <tr>\n",
       "      <th>2014-12-26</th>\n",
       "      <td>107.905685</td>\n",
       "      <td>33721000.0</td>\n",
       "    </tr>\n",
       "    <tr>\n",
       "      <th>2014-12-29</th>\n",
       "      <td>107.829964</td>\n",
       "      <td>27598900.0</td>\n",
       "    </tr>\n",
       "    <tr>\n",
       "      <th>2014-12-30</th>\n",
       "      <td>106.514137</td>\n",
       "      <td>29881500.0</td>\n",
       "    </tr>\n",
       "    <tr>\n",
       "      <th>2014-12-31</th>\n",
       "      <td>104.488365</td>\n",
       "      <td>41403400.0</td>\n",
       "    </tr>\n",
       "  </tbody>\n",
       "</table>\n",
       "<p>1259 rows × 2 columns</p>\n",
       "</div>"
      ],
      "text/plain": [
       "             Adj Close       Volume\n",
       "Date                               \n",
       "2009-12-31   26.986492   88102700.0\n",
       "2010-01-04   27.406532  123432400.0\n",
       "2010-01-05   27.453915  150476200.0\n",
       "2010-01-06   27.017223  138040000.0\n",
       "2010-01-07   26.967278  119282800.0\n",
       "2010-01-08   27.146566  111902700.0\n",
       "2010-01-11   26.907093  115557400.0\n",
       "2010-01-12   26.601023  148614900.0\n",
       "2010-01-13   26.976244  151473000.0\n",
       "2010-01-14   26.820007  108223500.0\n",
       "2010-01-15   26.371792  148516900.0\n",
       "2010-01-19   27.538433  182501900.0\n",
       "2010-01-20   27.114555  153038200.0\n",
       "2010-01-21   26.645842  152038600.0\n",
       "2010-01-22   25.324244  220441900.0\n",
       "2010-01-25   26.005541  266424900.0\n",
       "2010-01-26   26.373072  466777500.0\n",
       "2010-01-27   26.621517  430642100.0\n",
       "2010-01-28   25.521461  293375600.0\n",
       "2010-01-29   24.595573  311488100.0\n",
       "2010-02-01   24.937496  187469100.0\n",
       "2010-02-02   25.082211  174585600.0\n",
       "2010-02-03   25.513775  153832000.0\n",
       "2010-02-04   24.594294  189413000.0\n",
       "2010-02-05   25.030981  212576700.0\n",
       "2010-02-08   24.859381  119567700.0\n",
       "2010-02-09   25.124472  158221700.0\n",
       "2010-02-10   24.987444   92590400.0\n",
       "2010-02-11   25.442059  137586400.0\n",
       "2010-02-12   25.661045  163867200.0\n",
       "...                ...          ...\n",
       "2014-11-18  109.306686   44224000.0\n",
       "2014-11-19  108.549408   41869200.0\n",
       "2014-11-20  110.101860   43395500.0\n",
       "2014-11-21  110.253319   57179300.0\n",
       "2014-11-24  112.298027   47450800.0\n",
       "2014-11-25  111.322998   68840400.0\n",
       "2014-11-26  112.648285   40768300.0\n",
       "2014-11-28  112.582008   24814400.0\n",
       "2014-12-01  108.928024   83814000.0\n",
       "2014-12-02  108.511536   59348900.0\n",
       "2014-12-03  109.742149   43063400.0\n",
       "2014-12-04  109.325630   42044500.0\n",
       "2014-12-05  108.861786   38318900.0\n",
       "2014-12-08  106.400558   57664900.0\n",
       "2014-12-09  108.028755   60208000.0\n",
       "2014-12-10  105.974571   44565300.0\n",
       "2014-12-11  105.662201   41401700.0\n",
       "2014-12-12  103.873077   56028100.0\n",
       "2014-12-15  102.453140   67218100.0\n",
       "2014-12-16  101.052124   60790700.0\n",
       "2014-12-17  103.570152   53411800.0\n",
       "2014-12-18  106.637215   59006200.0\n",
       "2014-12-19  105.813644   88429800.0\n",
       "2014-12-22  106.911728   45167500.0\n",
       "2014-12-23  106.533096   26028400.0\n",
       "2014-12-24  106.031380   14479600.0\n",
       "2014-12-26  107.905685   33721000.0\n",
       "2014-12-29  107.829964   27598900.0\n",
       "2014-12-30  106.514137   29881500.0\n",
       "2014-12-31  104.488365   41403400.0\n",
       "\n",
       "[1259 rows x 2 columns]"
      ]
     },
     "execution_count": 134,
     "metadata": {},
     "output_type": "execute_result"
    }
   ],
   "source": [
    "panel_data[:,:,0] # item date company"
   ]
  },
  {
   "cell_type": "code",
   "execution_count": 135,
   "metadata": {
    "collapsed": false
   },
   "outputs": [
    {
     "data": {
      "text/plain": [
       "1259"
      ]
     },
     "execution_count": 135,
     "metadata": {},
     "output_type": "execute_result"
    }
   ],
   "source": [
    "len(panel_data[0,:,0])"
   ]
  },
  {
   "cell_type": "code",
   "execution_count": 136,
   "metadata": {
    "collapsed": false
   },
   "outputs": [],
   "source": [
    "logProf = [[round(math.log(panel_data[0,i,j] / panel_data[0,i-1,j]), 4) for i in range(1,len(panel_data[0,:,j]))] for j in range(len(tickers))]\n"
   ]
  },
  {
   "cell_type": "code",
   "execution_count": 140,
   "metadata": {
    "collapsed": false
   },
   "outputs": [
    {
     "data": {
      "text/html": [
       "<div>\n",
       "<table border=\"1\" class=\"dataframe\">\n",
       "  <thead>\n",
       "    <tr style=\"text-align: right;\">\n",
       "      <th></th>\n",
       "      <th>2010-01-04</th>\n",
       "      <th>2010-01-05</th>\n",
       "      <th>2010-01-06</th>\n",
       "      <th>2010-01-07</th>\n",
       "      <th>2010-01-08</th>\n",
       "      <th>2010-01-11</th>\n",
       "      <th>2010-01-12</th>\n",
       "      <th>2010-01-13</th>\n",
       "      <th>2010-01-14</th>\n",
       "      <th>2010-01-15</th>\n",
       "      <th>...</th>\n",
       "      <th>2014-12-17</th>\n",
       "      <th>2014-12-18</th>\n",
       "      <th>2014-12-19</th>\n",
       "      <th>2014-12-22</th>\n",
       "      <th>2014-12-23</th>\n",
       "      <th>2014-12-24</th>\n",
       "      <th>2014-12-26</th>\n",
       "      <th>2014-12-29</th>\n",
       "      <th>2014-12-30</th>\n",
       "      <th>2014-12-31</th>\n",
       "    </tr>\n",
       "  </thead>\n",
       "  <tbody>\n",
       "    <tr>\n",
       "      <th>AAPL</th>\n",
       "      <td>0.0154</td>\n",
       "      <td>0.0017</td>\n",
       "      <td>-0.0160</td>\n",
       "      <td>-0.0019</td>\n",
       "      <td>0.0066</td>\n",
       "      <td>-0.0089</td>\n",
       "      <td>-0.0114</td>\n",
       "      <td>0.0140</td>\n",
       "      <td>-0.0058</td>\n",
       "      <td>-0.0169</td>\n",
       "      <td>...</td>\n",
       "      <td>0.0246</td>\n",
       "      <td>0.0292</td>\n",
       "      <td>-0.0078</td>\n",
       "      <td>0.0103</td>\n",
       "      <td>-0.0035</td>\n",
       "      <td>-0.0047</td>\n",
       "      <td>0.0175</td>\n",
       "      <td>-0.0007</td>\n",
       "      <td>-0.0123</td>\n",
       "      <td>-0.0192</td>\n",
       "    </tr>\n",
       "    <tr>\n",
       "      <th>MSFT</th>\n",
       "      <td>0.0153</td>\n",
       "      <td>0.0003</td>\n",
       "      <td>-0.0062</td>\n",
       "      <td>-0.0105</td>\n",
       "      <td>0.0069</td>\n",
       "      <td>-0.0128</td>\n",
       "      <td>-0.0066</td>\n",
       "      <td>0.0093</td>\n",
       "      <td>0.0199</td>\n",
       "      <td>-0.0032</td>\n",
       "      <td>...</td>\n",
       "      <td>0.0128</td>\n",
       "      <td>0.0382</td>\n",
       "      <td>0.0029</td>\n",
       "      <td>0.0067</td>\n",
       "      <td>0.0097</td>\n",
       "      <td>-0.0064</td>\n",
       "      <td>-0.0054</td>\n",
       "      <td>-0.0090</td>\n",
       "      <td>-0.0091</td>\n",
       "      <td>-0.0122</td>\n",
       "    </tr>\n",
       "    <tr>\n",
       "      <th>^GSPC</th>\n",
       "      <td>0.0159</td>\n",
       "      <td>0.0031</td>\n",
       "      <td>0.0005</td>\n",
       "      <td>0.0040</td>\n",
       "      <td>0.0029</td>\n",
       "      <td>0.0017</td>\n",
       "      <td>-0.0094</td>\n",
       "      <td>0.0083</td>\n",
       "      <td>0.0024</td>\n",
       "      <td>-0.0109</td>\n",
       "      <td>...</td>\n",
       "      <td>0.0201</td>\n",
       "      <td>0.0237</td>\n",
       "      <td>0.0046</td>\n",
       "      <td>0.0038</td>\n",
       "      <td>0.0017</td>\n",
       "      <td>-0.0001</td>\n",
       "      <td>0.0033</td>\n",
       "      <td>0.0009</td>\n",
       "      <td>-0.0049</td>\n",
       "      <td>-0.0104</td>\n",
       "    </tr>\n",
       "  </tbody>\n",
       "</table>\n",
       "<p>3 rows × 1258 columns</p>\n",
       "</div>"
      ],
      "text/plain": [
       "       2010-01-04  2010-01-05  2010-01-06  2010-01-07  2010-01-08  2010-01-11  \\\n",
       "AAPL       0.0154      0.0017     -0.0160     -0.0019      0.0066     -0.0089   \n",
       "MSFT       0.0153      0.0003     -0.0062     -0.0105      0.0069     -0.0128   \n",
       "^GSPC      0.0159      0.0031      0.0005      0.0040      0.0029      0.0017   \n",
       "\n",
       "       2010-01-12  2010-01-13  2010-01-14  2010-01-15     ...      2014-12-17  \\\n",
       "AAPL      -0.0114      0.0140     -0.0058     -0.0169     ...          0.0246   \n",
       "MSFT      -0.0066      0.0093      0.0199     -0.0032     ...          0.0128   \n",
       "^GSPC     -0.0094      0.0083      0.0024     -0.0109     ...          0.0201   \n",
       "\n",
       "       2014-12-18  2014-12-19  2014-12-22  2014-12-23  2014-12-24  2014-12-26  \\\n",
       "AAPL       0.0292     -0.0078      0.0103     -0.0035     -0.0047      0.0175   \n",
       "MSFT       0.0382      0.0029      0.0067      0.0097     -0.0064     -0.0054   \n",
       "^GSPC      0.0237      0.0046      0.0038      0.0017     -0.0001      0.0033   \n",
       "\n",
       "       2014-12-29  2014-12-30  2014-12-31  \n",
       "AAPL      -0.0007     -0.0123     -0.0192  \n",
       "MSFT      -0.0090     -0.0091     -0.0122  \n",
       "^GSPC      0.0009     -0.0049     -0.0104  \n",
       "\n",
       "[3 rows x 1258 columns]"
      ]
     },
     "execution_count": 140,
     "metadata": {},
     "output_type": "execute_result"
    }
   ],
   "source": [
    "logProfDF = pd.DataFrame(data=logProf, index= tickers, columns= [(panel_data.axes[1][i].to_datetime().date()) for i in range(1,len(panel_data.axes[1]))])\n",
    "logProfDF"
   ]
  },
  {
   "cell_type": "code",
   "execution_count": 148,
   "metadata": {
    "collapsed": false,
    "scrolled": true
   },
   "outputs": [
    {
     "name": "stdout",
     "output_type": "stream",
     "text": [
      "in millions\n"
     ]
    },
    {
     "data": {
      "text/html": [
       "<div>\n",
       "<table border=\"1\" class=\"dataframe\">\n",
       "  <thead>\n",
       "    <tr style=\"text-align: right;\">\n",
       "      <th></th>\n",
       "      <th>2010-01-04</th>\n",
       "      <th>2010-01-05</th>\n",
       "      <th>2010-01-06</th>\n",
       "      <th>2010-01-07</th>\n",
       "      <th>2010-01-08</th>\n",
       "      <th>2010-01-11</th>\n",
       "      <th>2010-01-12</th>\n",
       "      <th>2010-01-13</th>\n",
       "      <th>2010-01-14</th>\n",
       "      <th>2010-01-15</th>\n",
       "      <th>...</th>\n",
       "      <th>2014-12-17</th>\n",
       "      <th>2014-12-18</th>\n",
       "      <th>2014-12-19</th>\n",
       "      <th>2014-12-22</th>\n",
       "      <th>2014-12-23</th>\n",
       "      <th>2014-12-24</th>\n",
       "      <th>2014-12-26</th>\n",
       "      <th>2014-12-29</th>\n",
       "      <th>2014-12-30</th>\n",
       "      <th>2014-12-31</th>\n",
       "    </tr>\n",
       "  </thead>\n",
       "  <tbody>\n",
       "    <tr>\n",
       "      <th>AAPL</th>\n",
       "      <td>123.4324</td>\n",
       "      <td>150.4762</td>\n",
       "      <td>138.0400</td>\n",
       "      <td>119.2828</td>\n",
       "      <td>111.9027</td>\n",
       "      <td>115.5574</td>\n",
       "      <td>148.6149</td>\n",
       "      <td>151.4730</td>\n",
       "      <td>108.2235</td>\n",
       "      <td>148.5169</td>\n",
       "      <td>...</td>\n",
       "      <td>53.4118</td>\n",
       "      <td>59.0062</td>\n",
       "      <td>88.4298</td>\n",
       "      <td>45.1675</td>\n",
       "      <td>26.0284</td>\n",
       "      <td>14.4796</td>\n",
       "      <td>33.7210</td>\n",
       "      <td>27.5989</td>\n",
       "      <td>29.8815</td>\n",
       "      <td>41.4034</td>\n",
       "    </tr>\n",
       "    <tr>\n",
       "      <th>MSFT</th>\n",
       "      <td>38.4091</td>\n",
       "      <td>49.7496</td>\n",
       "      <td>58.1824</td>\n",
       "      <td>50.5597</td>\n",
       "      <td>51.1974</td>\n",
       "      <td>68.7547</td>\n",
       "      <td>65.9121</td>\n",
       "      <td>51.8635</td>\n",
       "      <td>63.2281</td>\n",
       "      <td>79.9132</td>\n",
       "      <td>...</td>\n",
       "      <td>34.9709</td>\n",
       "      <td>40.1056</td>\n",
       "      <td>64.5512</td>\n",
       "      <td>26.5660</td>\n",
       "      <td>23.6481</td>\n",
       "      <td>11.4378</td>\n",
       "      <td>13.1978</td>\n",
       "      <td>14.4395</td>\n",
       "      <td>16.3847</td>\n",
       "      <td>21.5525</td>\n",
       "    </tr>\n",
       "    <tr>\n",
       "      <th>^GSPC</th>\n",
       "      <td>3991.4000</td>\n",
       "      <td>2491.0200</td>\n",
       "      <td>4972.6600</td>\n",
       "      <td>5270.6800</td>\n",
       "      <td>4389.5900</td>\n",
       "      <td>4255.7800</td>\n",
       "      <td>4716.1600</td>\n",
       "      <td>4170.3600</td>\n",
       "      <td>3915.2000</td>\n",
       "      <td>4758.7300</td>\n",
       "      <td>...</td>\n",
       "      <td>4942.3700</td>\n",
       "      <td>4703.3800</td>\n",
       "      <td>6465.5300</td>\n",
       "      <td>3369.5200</td>\n",
       "      <td>3043.9500</td>\n",
       "      <td>1416.9800</td>\n",
       "      <td>1735.2300</td>\n",
       "      <td>2452.3600</td>\n",
       "      <td>2440.2800</td>\n",
       "      <td>2606.0700</td>\n",
       "    </tr>\n",
       "  </tbody>\n",
       "</table>\n",
       "<p>3 rows × 1258 columns</p>\n",
       "</div>"
      ],
      "text/plain": [
